windDirection,ws_05_1,ws_1_2,ws_2_3,ws_3_4,ws_4_6,ws_more_that_6,station_id
N,0.0000,0.0000,0.0000,0.0000,0.0000,0.0000,1
NNE,0.0139,0.0000,0.0000,0.0000,0.0000,0.0000,1
NE,0.0000,0.0000,0.0000,0.0000,0.0000,0.0000,1
ENE,0.0000,0.0000,0.0000,0.0000,0.0000,0.0000,1
E,0.0000,0.0000,0.0000,0.0000,0.0000,0.0000,1
ESE,0.0000,0.0000,0.0000,0.0000,0.0000,0.0000,1
SE,0.0139,0.0139,0.0000,0.0000,0.0000,0.0000,1
SSE,0.0417,0.0278,0.0000,0.0000,0.0000,0.0000,1
S,0.0972,0.0694,0.0278,0.0000,0.0000,0.0000,1
SSW,0.0556,0.0556,0.0000,0.0000,0.0000,0.0000,1
SW,0.0139,0.0000,0.0000,0.0000,0.0000,0.0000,1
WSW,0.0139,0.0278,0.0000,0.0000,0.0000,0.0000,1
W,0.0000,0.0000,0.0000,0.0000,0.0000,0.0000,1
WNW,0.0000,0.0000,0.0000,0.0000,0.0000,0.0000,1
NW,0.0000,0.0000,0.0000,0.0000,0.0000,0.0000,1
NNW,0.0000,0.0000,0.0000,0.0000,0.0000,0.0000,1